$ANSIBLE_VAULT;1.1;AES256
63623135356533663430346331633230306530393161393330346437663330656436336362346537
6538313364366538343363653436633561333031656133340a663562623134663235353864643136
39373561613434396661393432393766616465653939303137386664346239323733363264303332
3739373966663433320a356630396535393331643033303535373164316366356230336533373130
64656563383266613439356532306538653762346237383261323165393363393230626366623565
35363763613339383939616534326238346266613438633634613831386264646563346665356639
36323463363762663931633135613133646631366664663933373139666562386337353832643437
32326636643866343066313439663730363337653139646231356436306230376465643966316262
36623465663434383833333731666636336666663162343237653038666130393937396234313662
34363638396561663332363566383838373837626163363063396135636362386638323936663635
32393462656534306530316262333839353736393234373739363537393131666561383032393632
62353061636365376364383566356235343261353435343534383832613564396233343961363132
37313563383362646137326161313166326635356430346536323834383065366562383436313261
65336264373339386231333739396265336132383964623235323434663431336261326136333931
61653365633236363762383836396637396339303332623965666530353463646634663432633364
31303932623237373965626265323933353766396232393133653564663261653963643463343665
62376261613432656163323036653439643638316637393938396566386433333635343339653935
63303365306333343535316266333761343238626537363264393132323537343132323335376361
35383234663230323261333230323566636332616137346631393639333933343963343338616162
31633634666164336237353833383062313632356536646634636661343763323965393963386132
33303638356461313663383266363033303036653036616130653266336134663765343261313136
33316262616138643536393566383163336163343130653763366530356130336339376536633134
61653439643562636562376331663664613364623965656332376338633633383035613632386538
30646536396634353532663934623930636165356664373335346362663036386438393236386562
66376164363461363638393663323166663734633361303731346535333862366639633238313834
34633166326136333763323462393331343863343937616563353030323362636333626235333237
62363561336262313863336132353931396365373339363136306464323431306636653733353139
62333763666462396131643961623237653162613034663066633330626363333265353961666134
62383666376339653061323730663666343239356634316538633435386135616265343436303837
32646131653933383866623336663562306662613161343165343035613736396334306433663536
32656366316635633738343330393964366332306164326238353265353861663562336564316237
33663662316666393631613933653166653330356138373634336533633931356130346264323662
30666434326639613530626361666132636236626266303635656538366238353863633063363931
36396665366661353830633065626465373162633861633532313439646137636564646339646666
37373964303065383833613466336631616166653766386261663331326262393863323864383732
37356538323132663038666464626430616232633935326166396338376265666365626331643833
66396132343538363839363233633665383237353134613762313332346662386439623135346331
35643035363833333434393435363366346630383437336430653763666363613034313836373736
65366131363234643231346237366662633032646664653064613630353539653336616335303334
66353036626464343031323230663263663435366230366364346339323863336637383465666138
64386337366163366231373636613431366666303533393237333538376537663430313939303234
62323738626230313032393932666234653136363665383930393531313437353161366466393730
32303130353435396465636334303863323530363338396237656339316161656166313561303562
62656231633162613866323636356133363033643266633939333635353630336631613335303836
66363961333933383936346563653037336463626464653236356366633362353163306365653464
32646639396635353333623239646330633265336538363034303537346537393338336335616562
35633361346263363938343930653737323139303830626232623732633130316535313962333739
66643736323435373265316339303136333635393965646331316339653930376539303964386137
36306138393733363262623235326534643030333264623931613766373861343538643237363962
66383034396166616138346337396637346464623832353735623132393337386230326466353564
63323464393961663466643636656337356133313731343935656539666436653462346665373938
32613062616333326131336563646234623931313966373435383462313763363261303065643331
64613762666665376330663534323735333038393166303961666332616665333163343061663238
36363263643933616337346338353735353461616465623931356332666338373832313266353430
66373631623235343736613033613537656231333263616233663438376232653264663639633437
31336564383831663637643536666463306262346430666366313762653231333230336633336465
32633361653237383061363137663630326336626263323435363230616238373136383565666536
32356562636538353633363965363936333136643234393565373363313466303362373530316365
39633839333065383565333533306234386430303433353336633939666233623761353335303334
62393763303963306535393234646164663963613866636439626236303236303265343963643362
32336331613436656233346238346133656136636333663438626163646165616137323433326237
37336132343739373036376436643937353134653461336433343965643738323131653737303061
36353465656563383036616264633361383861306264326438333730396364323630356436656633
32353036623632613962613964386435343538363163626639353436383436613864303065346334
31343333626264343066316139663961626562363461313435633638383561346234366430306634
37623063366537343864323035663937366533353062343163343563326539376163663464353935
65333564613165313336333934316563643136656365616162653765623238386364303366633837
62346137653630316334353733343236353930636565633835326634303864623433636366353837
35326432623933343564623930656137663539626631396239366437353366623730373064666432
65393638653066663334663936363637346665323534316536643035343663303933643036313637
31353465623937616330333562616430363463363961656139653937643865653065323936376566
61336361373238336361626234373632626263343235613732373832613835643033373562356465
36343465636139353532633161366533346237303061623338366562623738396564366139353965
66643330353336393935333563333966363461393838313935653964623439316464643565383332
36383037636363363733313161646466323631623939653632623936363265343337633136386539
30393139663864356564333264383736633339326362303463376135353935356639656663623361
35373664356237316262366232633439636231353461366132646334663933383037373761636436
65333364313331393664303230616364376439663139353039366665663135383866646433336138
33633731643638376638643436376365356131326533323037616632363263396632303935343435
62393133323231373066376236303738333630343338383237393435383433363838383135316466
62353330643235386137326561376465303537653934616237313865646635303864313639336163
37306633663931613936636361313436386536323337393465326339376336386636356164343431
34393939353635343837393936373938353763396265616636633633343866663335306436613631
62653030363532666236643732373930356239663865643263383733623132666631343839393637
37633830346330386635313639343463666637663064396534393964663134663731346535356631
31613031303866323062346634303163366435353534336537353961343966633830356563383238
66316263306262326166376631323135376632653830373863613130363565663935656561303737
64326632646561653631663030663236353863616638373238653337656163363938323233663431
32336232363735346462303239353237363233323031303832313066323364333532663836623964
35326138656339333336356466626331386361666337343337343163373736363933353034323261
37613466613538363330663965306261663262643634363638633562356538313336626464353134
38333638396131313066626361373461393964343632323934383634316364383031316663646538
6139
